0
0
0
0
0
0
0
0
0
0
0
0
0
0
0
0
0
0
0
-0,0410331
-0,09878489
-0,1469187
-0,2490597
-0,2719398
-0,3426255
-0,3908202
-0,4628508
-0,5215119
-0,568812
-0,4372137
-0,4372137
-0,3884334
-0,3176433
-0,2699478
-0,1990782
-0,1510104
-0,07920603
0
0
0
0
0
0
0
0
0
-0,0248241
-0,0996219
-0,1487715
-0,2208258
-0,2700399
-0,3188514
-0,3908415
-0,469323
-0,5181663
-0,4659867
-0,4172847
-0,3461262
-0,2766792
-0,2273223
-0,1045254
-0,1045254
-0,05105789
0
0
0
0
0
0
0
0
0
0
0
0
0
0
-0,0510828
-0,09808739
-0,1670256
-0,215544
-0,2845278
-0,3306504
-0,4529334
-0,4529334
-0,5233182
-0,5706114
-0,6414072
-0,693477
-0,7665455
-0,8165183
-0,7625954
-0,7361204
-0,6889979
-0,6191869
-0,572164
-0,5016541
-0,4308511
-0,3827305
-0,2940769
-0,2718238
-0,2035267
-0,1348168
-0,0888349
-0,0177133
0
0
0
0
0
-0,0515397
-0,0994098
-0,1685682
-0,2149542
-0,3172647
-0,3397638
-0,4087158
-0,455103
-0,5268492
-0,5738892
-0,6441966
-0,6935103
-0,7714257
-0,8189451
-0,7923318
-0,743565
-0,6732882
-0,627624
-0,5575791
-0,4571649
-0,4348737
-0,386673
-0,3172128
-0,2696631
-0,1977318
-0,1387548
-0,09090415
0
0
0
0
0
0
0
0
0
0
0
0
0
0
0
0
0
0
0
0
0
0
0
0
0
0
0
0
0
0
0
0
0
0
-0,0669051
-0,1139814
-0,1828482
-0,2282919
-0,2988642
-0,3754314
-0,4217292
-0,4698909
-0,540996
-0,5877828
-0,6587046
-0,7049784
-0,8316453
-0,8316453
-0,9021152
-0,9476231
-1
-1
-1
-1
-0,8955622
-0,8732581
-0,8025904
-0,7570912
-0,6883486
-0,6424135
-0,5724865
-0,5047886
-0,4277474
-0,3810293
-0,3319394
-0,2617301
-0,2160116
-0,1465502
-0,100532
0
0
0
0
0
0
0
0
0
0
0
0
0
0
0
0
0
0
0
0
0
0
0
0
-0,0241965
-0,0754683
-0,1235433
-0,1968603
-0,2454027
-0,3167733
-0,3636045
-0,4648734
-0,4921743
-0,5633894
-0,6092432
-0,6826316
-0,7311353
-0,8016056
-0,8491649
-0,9286016
-0,9747567
-0,9091386
-0,8605205
-0,7892112
-0,7420598
-0,6704171
-0,5701493
-0,5476346
-0,4997486
-0,4287095
-0,3789857
-0,3065172
-0,2589885
-0,1892721
-0,1116951
-0,08772747
-0,01827747
0
0
-0,0748764
-0,1242798
-0,2464212
-0,2464212
-0,2953491
-0,3657372
-0,4126014
-0,3369159
-0,2902008
-0,2172543
-0,116592
-0,09373649
-0,04618229
0
0
0
0
0
0
0
0
0
0
0
0
0
-0,0790578
-0,1303491
-0,1772352
-0,2473479
-0,2940552
-0,3641238
-0,4128438
-0,5391891
-0,5391891
-0,6098214
-0,6573372
-0,7278072
-0,7755473
-0,8469942
-0,794286
-0,6920958
-0,6686574
-0,6212006
-0,549908
-0,503123
-0,4317986
-0,3584582
-0,3111539
-0,2344646
-0,1866364
-0,1389934
-0,06768284
-0,02143094
0
0
0
0
0
0
0
0
0
0
0
0
0
0
0
0
0
0
0
0
0
0
0
0
0
0
0
0
0
0
0,0248055
0,0993678
0,1450728
0,2704065
0,2704065
0,2426556
0,1947639
0,1460085
0,07309712
0,02550872
0
0
0
0
0
0
0
0
0
0
0
0
0
0
0
0
0
0
0
0,0253386
0,0765795
0,1491549
0,1982544
0,268974
0,3686211
0,3686211
0,4395615
0,5095071
0,4578249
0,4076454
0,3291297
0,2789466
0,1767621
0,1531008
0,1043979
0,03228239
0
0
0
0
0
0
0
0
0
0
0
0
0
0,0506907
0,1108026
0,1588638
0,2067033
0,2775909
0,3462846
0,292296
0,292296
0,2156382
0,1654101
0,09548186
0,04824685
0
0
0
0
0
0
0
0
0
0
0
0
0
0
0
0
0,0251013
0,156795
0,156795
0,211575
0,2824344
0,3306858
0,4045011
0,4524783
0,5242356
0,4704453
0,4704453
0,3950433
0,3466638
0,2745309
0,2268711
0,1572876
0,110121
0
0
0
0
0
0
0
0
0
0,0246831
0,0773211
0,1465587
0,1940757
0,2665005
0,3140391
0,436932
0,436932
0,5075808
0,5551714
0,625984
0,5738854
0,5041586
0,456101
0,3551276
0,3315026
0,283586
0,2149154
0,1432475
0,09667432
0,02613323
0
0
0
0
0
0
0
0
0
0
0
0
0
0
0
0
0
0
0
0
0
0
0
0
0
0
0
-0,0303495
-0,0929787
-0,1488591
-0,2046618
-0,3504432
-0,3504432
-0,3975984
-0,4442757
-0,5153865
-0,5849633
-0,533582
-0,4861182
-0,3618192
-0,3618192
-0,2796642
-0,2335326
-0,186147
-0,1170126
-0,04700368
0
0
0
0
0
0
0
0
0
0
0
0
0
0
0
0
0
0
0,0757893
0,1225233
0,1942668
0,2416812
0,3115377
0,3575118
0,3035187
0,2772882
0,2290173
0,15816
0,08688298
0,03996298
0
0
0
0
0
0
0
0
0
0
0
0
0
0
0
0,0501009
0,0974058
0,1995051
0,2224281
0,295638
0,3429363
0,4140381
0,4620834
0,532737
0,5811336
0,498036
0,444774
0,3953331
0,3230901
0,269979
0,221718
0,1493556
0,04842988
0,02540068
0
0
0
0
0
0
0
0
0
0,0250995
0,1006785
0,1476936
0,2188314
0,2677707
0,3444246
0,3909867
0,4375953
0,5071527
0,576378
0,623668
0,6933675
0,6413517
0,6137538
0,5641074
0,5163708
0,4389489
0,3909162
0,319626
0,2725962
0,1690227
0,1460736
0,09869041
0,0282558
0
0
0
0
0
0
0
0
0
0
0
0
0
0
0
0
0
0
0
0
0
0
0
0
0
0
0
0
0
0
0
0
0
0
0
0
0
0
0
0
0
0
0
0
0
0
0
0
0
0
0
0
0
0
0
0
0
0,0804603
0,1072008
0,1804842
0,2280132
0,2978451
0,3479496
0,398331
0,4697538
0,5484123
0,5952246
0,6439536
0,6989154
0,769449
0,7165638
0,6452004
0,5993187
0,5197896
0,4751298
0,4044072
0,3574911
0,2858898
0,2358193
0,1651794
0,06399632
0,04096982
0
0
0
0
0
0
0
0
0
0
0
0
0
0
0
0
0
0
0
0
0
0
0
0
0
0
0
0
0
0
0
0
0
0
0
0
0
0
0
0
0
0
0
0
0
0
0
0
0
0
0
0
0
0
0
0
0
0
0
0
0
0
0
0
0
0
0
0
0
0
0
0
0
0
0
0
0
0
0
0
0
0
0
0
0
0
0
0
0
0
0
0
0
0
0
0
0
0
0
0
0
0
0
0
0
0
0
0
0
0
0
0
0
0
0
0
0
0
-0,0518409
-0,1245399
-0,1707552
-0,2495472
-0,3073314
-0,3539001
-0,4247796
-0,4728177
-0,5436321
-0,5900046
-0,560436
-0,560436
-0,5082954
-0,434988
-0,3860271
-0,3110175
-0,2644164
-0,1929714
-0,2463582
-0,2723196
-0,3198849
-0,3903846
-0,4383927
-0,5098908
-0,5569896
-0,6276515
-0,7049375
-0,751457
-0,7495469
-0,6988205
-0,626381
-0,5773913
-0,5063702
-0,4593116
-0,3805268
-0,3339551
-0,2609681
-0,3118052
-0,384194
-0,4321985
-0,5014082
-0,6026447
-0,6026447
-0,6731528
-0,7208432
-0,7924442
-0,7798756
-0,7288912
-0,6583387
-0,5572569
-0,5349885
-0,4878547
-0,4170637
-0,3701052
-0,3002094
-0,2297902
-0,1839925
-0,1050565
-0,05750977
-0,009485766
0
0
0
0
0
0
0
0
0
0
0
0
0
0
0
0,0758382
0,1230276
0,1924683
0,2403516
0,2622312
0,1812303
0,1571385
0,08415005
0,03644345
0
0
0
0
0
0
0
0
0
0
0
0
0
0
-0,0506082
-0,1209792
-0,1669683
-0,2351277
-0,2816895
-0,3845649
-0,4067922
-0,3800121
-0,3315663
-0,2593266
-0,2125902
-0,1418139
-0,09519237
-0,01652247
0
0
0
0
0
0
0
0
0
0
0
0
0
0
0
0
0
0
0
0
0
0
0
0
0
0
0
0
0
0
0
0
0
0
0
0
0
0
0
0
0
0
0
0
0
0
0
0
0
0
0
0
0
0
0
0
0
0
0
0
0
0
0
0
0
0
0
0
0
0
0
0
0
0
0
0
0
0
0
0
0
0
0
0
0
0
0
0
0
0
0
0
0
0
0
0
0
0
0
0
0
0
0
0
0
0
0
0
0
