0
0
0
0
0
0
0
0
0
0
0
0
0
0
0
0
0
0
0
0
0
0
0
0
0
0
0
0
0
0
0
0
0
0
0
0
0
0
0
0
0
0
0
0
0
0
0
0
0
0
0
0
0
0
0
0
0
0
0
0
0
0
0
0
0
0
0
0
0
0
0
0
0
0
0
0
0
0
0
0
0
0
0
0
0
0
0
0
0
0
0
0
0,0394002
0
0,094329
0
0,1653993
0
0,2122977
0
0,2832087
0
0,3298164
0
0,3987507
0
0,4720812
0
0,5192361
0
0,5891026
0
0,6355119
0
0,7044352
0
0,7497043
0
0,8200654
0
0,8914105
0
0,9381346
0
1
0
1
0
1
0
0,948541
0
0,9022786
0
0,8327062
0
0,7631248
0
0,716697
0
0,6493506
0
0,5812455
0
0,5340735
0
0,4637521
0
0,4167289
0
0,347461
0
0,3017026
0
0,2326372
0
0,1835101
0
0,1125979
0
0,04236936
0
0
0
0
0
0
0
0
0
0
0
0
0
0
0
0
0
0
0
0
0
0
0
0
0
0
0
0
0
0
0
0
0
0
0
0
0
0
0
0
0
0
0
0
0
0
0
0
0
0
0
0
0
0
0
0
0
0
0
0
0
0
0
0
0
0
0
0
0
0
0
0
0
0
0
0
0
0
0
0
0
0
0
0
0
0
0
0
0
0
0
0
0
0
0
0
0
0,0503796
0
0,09585899
0
0,1670505
0
0,2148288
0
0,2841936
0
0,3533445
0
0,4003918
0
0,4712887
0
0,5188155
0
0,5893914
0
0,6354582
0
0,7098468
0
0,7569495
0
0,8274183
0
0,8741487
0
0,9461691
0
0,9938741
0
1
0
1
0
1
0
1
0
0,9753613
0
0,9023968
0
0,8547769
0
0,7851259
0
0,739465
0
0,6691669
0
0,6000979
0
0,5532859
0
0,4840258
0
0,4372582
0
0,3685198
0
0,2984311
0
0,251956
0
0,181705
0
0,134704
0
0,06521919
0
0,003259292
0
0
0
0
0
0
0
0
0
0
0
0
0
0
0
0
0
0
0
0
0
0
0
0
0
0
0
0
0
0
0
0
0
0
0
0
0
0
0
0
0
0
0
0
0
0
0
0
0
0
0
0
0
0
0
0
0
0
0
0
0
0
0
0
0
0
0
0
0
0
0
0
0
0
0
0
0
0
0
0
0
0
0
0
0
0
0
0
0
0
0
0
0
0
0
0
0
0
0
0
0
0
0
0
0
0
0
0
0
0
0
0
0
0
0
0
0
0
0
0
0
0
0
0
0
0
0
0
0
0
0
0
0
0
0
0
0
0
0
0
0
0
0
0
0
0
0
0
0
0
0
0
0
0
0
0
0
0
0
0
0
0
0
0
0
0
0
0
0
0
0
0
0
0
0
0
0
0
0
0
0
0
0
0
0
0
0
0
0
0
0
0
0
0
0
0
0
0
0
0
0
0
0
0
0
0
0
0
0
0
0
0
0
0
0
0
0
0
0
0
0
0
0
0
0
0
0
0
0
0
0
0
0
0
0
0
0
0
0
0
0
0
0
0
0
0
0
0
0
0
0
0
0
0
0
0
0
0,0416883
0
0,0771462
0
0,2018415
0
0,2018415
0
0,2720493
0
0,3199038
0
0,3777846
0
0,4519563
0
0,5002218
0
0,5704524
0
0,6719901
0
0,6719901
0
0,7423971
0
0,7934552
0
0,8640794
0
0,9205316
0
0,9920567
0
1
0
1
0
1
0
1
0
1
0
1
0
1
0
1
0
1
0
1
0
1
0
1
0
1
0
1
0
1
0
1
0
1
0
1
0
1
0
1
0
1
0
1
0
1
0
1
0
1
0
1
0
1
0
1
0
1
0
1
0
1
0
1
0
1
0
1
0
1
0
1
0
1
0
1
0
1
0
1
0
1
0
1
0
1
0
1
0
1
0
1
0
1
0
1
0
1
0
1
0
1
0
1
0
1
0
1
0
1
0
1
0
1
0
1
0
1
0
1
0
1
0
1
0
1
0
1
0
1
0
1
0
1
0
1
0
1
0
1
0
1
-0,0797793
1
-0,0797793
1
-0,1309893
1
-0,2039694
1
-0,2515998
1
-0,3225546
1
-0,3701859
1
-0,4424277
1
-0,5434731
1
-0,5672334
1
-0,6155865
1
-0,6897876
1
-0,7378665
1
-0,810246
1
-0,8583918
1
-0,8037611
1
-0,7021481
1
-0,6790277
1
-0,6080973
1
-0,5585784
1
-0,4875186
1
-0,4356645
1
-0,3876297
1
-0,3161106
1
-0,2388102
1
-0,191424
1
-0,1436178
1
-0,0730191
1
-0,0204114
1
0
1
-0,054783
1
-0,1037922
1
-0,1923888
1
-0,239997
1
-0,2896062
1
-0,3390531
1
-0,4106121
1
-0,4591443
1
-0,5342112
1
-0,6361048
1
-0,6590754
1
-0,7086183
1
-0,7578607
1
-0,8308516
1
-0,8316625
1
-0,7558939
1
-0,7070737
1
-0,6045592
1
-0,5820184
1
-0,5343688
1
-0,4616574
1
-0,4132191
1
-0,3403635
1
-0,2929878
1
-0,2216721
1
-0,144282
1
-0,09733173
1
-0,04778463
1
0
1
0
1
0
1
0
1
-0,0785205
1
-0,0785205
1
-0,131517
1
-0,2049036
1
-0,2550363
1
-0,3031758
1
-0,3742074
1
-0,446406
1
-0,5593485
1
-0,5593485
1
-0,6073664
1
-0,6789261
1
-0,7258691
1
-0,7972061
1
-0,8473631
1
-0,9199412
1
-0,8029326
1
-0,8029326
1
-0,7551161
1
-0,682643
1
-0,6333248
1
-0,5607752
1
-0,5133698
1
-0,4422599
1
-0,3406997
1
-0,3174401
1
-0,2679197
1
-0,196562
1
-0,2491985
1
-0,2972612
1
-0,3689141
1
-0,4164197
1
-0,5172359
1
-0,5405678
1
-0,6121172
1
-0,6593474
1
-0,7301288
1
-0,7790588
1
-0,8497352
1
-0,7983125
1
-0,7201235
1
-0,6745592
1
-0,6024854
1
-0,5542505
1
-0,4821509
1
-0,4341287
1
-0,3613241
1
-0,2473163
1
-0,2473163
1
-0,1990256
1
-0,1248593
1
-0,07632713
1
-0,004337329
1
0
1
0
1
0
1
0
1
0
1
0
1
0
1
0
1
0
1
0
1
0
1
-0,0255195
1
-0,1017198
1
-0,1564239
1
-0,2035266
1
-0,2757996
1
-0,32352
1
-0,4494744
1
-0,4494744
1
-0,5186133
1
-0,5667078
1
-0,5396394
1
-0,4917048
1
-0,4206381
1
-0,372885
1
-0,2719287
1
-0,2485563
1
-0,1788228
1
-0,1308273
1
-0,05961299
1
-0,009306893
1
0
1
0
1
0
1
0
1
-0,0254709
1
-0,0864663
1
-0,1583487
1
-0,2057109
1
-0,2756949
1
-0,3242424
1
-0,4024206
1
-0,4497879
1
-0,5213871
1
-0,569676
1
-0,640094
1
-0,6887018
1
-0,6611417
1
-0,5577539
1
-0,5577539
1
-0,4881577
1
-0,4401904
1
-0,3679985
1
-0,3198356
1
-0,2481338
1
-0,1993448
1
-0,09461505
1
-0,07161855
1
-0,02316975
1
0
1
0
1
0
1
0
1
0
1
0
1
0
1
0
1
0
1
0
1
0
1
0
1
0
1
0
1
0
1
0
1
0
1
0
1
0
1
0
1
0
1
0
1
0
1
0
1
0
1
0
1
0,0258945
1
0,0771462
1
0,180117
1
0,2037042
1
0,2516337
1
0,3238179
1
0,3708411
1
0,4425558
1
0,4911264
1
0,5639346
1
0,6415413
1
0,6637494
1
0,6850977
1
0,6332643
1
0,5609094
1
0,5121336
1
0,4402461
1
0,3924384
1
0,3158661
1
0,2688488
1
0,20996
1
0,1570064
1
0,08506645
1
0,03718585
1
0
1
0
1
0
1
0
1
0
1
0
1
0
1
0
1
0
1
0
1
0
1
0
1
0
1
0
1
0
1
0
1
0
1
0
1
0
1
0
1
0
1
0
1
0
1
0
1
0
1
0
1
0
1
0
1
0
1
0
1
0
1
0
1
0
1
0
1
0
1
0
1
0
1
0
1
0
1
0
1
0
1
0
1
0
1
0
1
0
1
0
1
0
1
0
1
0
1
0,026445
1
0,1022265
1
0,1502883
1
0,2221371
1
0,269808
1
0,3487983
1
0,4611771
1
0,4611771
1
0,5081487
1
0,581163
1
0,6390121
1
0,6905362
1
0,7626384
1
0,8118715
1
0,7573159
1
0,7290754
1
0,6805867
1
0,6091906
1
0,5610331
1
0,4887382
1
0,4388194
1
0,3665845
1
0,2904997
1
0,243985
1
0,1956688
1
0,1232041
1
0,07464463
1
0,07574023
1
0,1505173
1
0,1996984
1
0,2779264
1
0,3259471
1
0,3747214
1
0,4484902
1
0,4976584
1
0,5694916
1
0,6183887
1
0,488336
1
0,488336
1
0,4417775
1
0,3710114
1
0,2986055
1
0,2503268
1
0,2020898
1
0,1290962
1
0,02660475
1
0,003149251
1
0
1
0
1
0
1
0
1
0
1
0
1
0
1
0
0,9731302
0
0,9171041
0
0,8443895
0
0,7962692
0
0,7249226
0
0,6240869
0
0,6002195
0
0,5512607
0
0,5029022
0
0,4306415
0
0,3825324
0
0,3100851
0
0,2616441
0
0,1607832
0
0,1353693
-0,0254139
0,08253147
-0,0782517
0,008437764
-0,1523454
0
-0,2015931
0
-0,2740653
0
-0,3224319
0
-0,3944781
0
-0,4726479
0
-0,4697619
0
-0,4168878
0
-0,368001
0
-0,2968305
0
-0,2484093
0
-0,1769448
0
-0,1292472
0
-0,05126522
0
-0,004139427
0
0
0
0
0
0
0
0
0
0
0
0
0
0
0
0
0
0
0
0
0
0
0
0
0
0
0
0
0
0,0254862
0
0,1015965
0
0,1493466
0
0,2214027
0
0,2700192
0
0,324903
0
0,4518174
0
0,4518174
0
0,522702
0
0,5708565
0
0,646782
0
0,6951087
0
0,6421161
0
0,5684863
0
0,4677838
0
0,4444051
0
0,3946816
0
0,3448921
0
0,270403
0
0,2211181
0
0,1478389
0
0,09897821
0
0
0
0
0
0
0
0
0
0
0
0
0
0
0
0
0
0,0791397
0
0,1307298
0
0,1804209
0
0,2291076
0
0,2530188
0
0,2018544
0
0,1294233
0
0,0164337
0
0,0164337
0
0
0
0
0
0
0
0
0
0
0
0
0
0
0
0
0,0254883
0
0,0768024
0
0,1483815
0
0,1966356
0
0,2683782
0
0,3171186
0
0,3946338
0
0,4418271
0
0,3829485
0
0,3101802
0
0,261399
0
0,1902006
0
0,1406115
0
0,03889047
0
0,01463277
0
0
0
0
0
0
0
0
0
0
0
0,0266247
0
0,1077126
0
0,1318281
0
0,2045073
0
0,2538423
0
0,3289329
0
0,3777735
0
0,449118
0
0,4971402
0
0,5771316
0
0,6227562
0
0,6715752
0
0,7449814
0
0,7944472
0
0,7186301
0
0,7718669
0
0,885545
0
0,885545
0
0,9509618
0
0,9988547
0
1
0
1
0
1
0
1
0
1
0
1
0
1
0
1
0
1
0
1
0
1
0
1
0
1
0
1
0
1
0
1
0
1
0
1
0
1
0
1
0
1
0
1
0
1
0
1
0
1
0
1
0
1
0
1
0
1
0
1
0
1
0
1
0
1
0
1
0
1
0
1
0
1
0
1
0
1
0
1
0
1
0
1
0
1
0
1
0
1
0
1
0
1
0
1
0
1
0
1
0
1
0
1
0
1
0
1
0
0,9751138
0
0,9229363
0
0,8514907
0
0,8035954
0
0,6777635
0
0,6777635
0
0,6309161
0
0,5583392
0
0,5100353
0
0,4386692
0
0,3908066
0
0,318716
0
0,2181083
0
0,1933286
0,0247797
0,1314203
0,086688
0,07673268
0,1413756
0,02782789
0,1902804
0
0,2627439
0
0,3114405
0
0,3848409
0
0,4636131
0
0,4870788
0
0,5595972
0
0,6070293
0
0,678972
0
0,6779271
0
0,6006375
0
0,5520291
0
0,4742931
0
0,4282131
0
0,3802623
0
0,4082496
0
0,4571562
0
0,5295333
0
0,5779431
0,0782931
0,7051452
0,0782931
0,7051452
0,1291023
0,7559544
0,2033895
0,778602
0,2538918
0,7280997
0,302469
0,6795225
0,3747123
0,6072792
0,4224027
0,5595888
0,3928666
0,4333093
0,3928666
0,4333093
0,3181984
0,3586411
0,2700261
0,3104689
0,1980384
0,2384812
0,1488996
0,1893423
0,07749483
0,1179375
0,02876823
0,06921094
0
0
0
0
0
0
0,0253185
0
0,1008117
0
0,1502508
0
0,222444
0
0,2703933
0
0,3499659
0
0,3975837
0
0,4465347
0
0,5199042
0
0,5680239
0
0,5916723
0
0,539043
0
0,4369635
0
0,4137255
0
0,4147503
0
0,4660083
0
0,5392737
0
0,5875449
0
0,6579735
0
0,709776
0
0,8134356
0
0,8370141
0
0,8862011
0
0,9591023
0
1
0
1
0
1
0
1
0
1
0
1
0
1
0
1
0
1
0
1
0
1
0
1
-0,0261516
1
-0,1080432
1
-0,1548696
1
-0,2039343
1
-0,276105
1
-0,3236133
1
-0,3957936
1
-0,444912
1
-0,4133952
1
-0,4133952
0,9749653
-0,3606975
0,9234685
-0,3092007
0,8511156
-0,2368479
0,8030019
-0,1887342
0,7308841
-0,1166163
0,6828307
-0,06856292
0,5581942
0
0,5581942
0
0,4868049
0
0,4376853
0
0,3647757
0
0,3168103
0
0,3451663
0
0,3935086
0
0,5001091
0
0,5001091
0
0,5740195
0
0,6222238
0
0,6946114
0
0,7435904
0
0,8160119
0
0,8637872
0
0,9662083
0
0,9887869
0
1
0
1
0
1
0
1
-0,025095
1
-0,1001928
1
-0,1499805
1
-0,2270823
1
-0,2743488
1
-0,3232065
1
-0,3958035
1
-0,4439427
1
-0,5159703
1
-0,5639049
1
-0,688569
1
-0,688569
1
-0,7619811
1
-0,8111958
1
-0,8845317
1
-0,9321978
1
-0,982947
1
-1
1
-1
1
-1
1
-1
1
-1
1
-1
1
-1
1
-1
1
-0,9445612
1
-0,8403298
1
-0,8167343
1
-0,7456375
1
-0,6974347
1
-0,626332
1
-0,6794181
1
-0,7272361
1
-0,8003089
1
-0,8778256
1
-0,8757313
1
-0,822436
1
-0,763114
1
-0,7111987
1
-0,639847
1
-0,591436
1
-0,4678055
1
-0,4678055
1
-0,3956381
1
-0,347324
1
-0,2762744
1
-0,2284466
1
-0,1564793
1
-0,1080536
1
-0,004537396
1
0
1
0
1
0
1
0
1
0
1
0
1
0
1
0
1
0
1
0
1
0
1
0
1
0
1
0
1
0
1
0,079593
1
0,1308759
1
0,1792971
1
0,2506299
1
0,2994243
1
0,2733186
1
0,2258607
1
0,1002405
1
0,1002405
1
0,02960674
1
0
1
0
1
0
1
0
1
0
1
0
1
0
1
0
1
0
1
0
1
0
1
0
1
0
1
0
1
0
1
0
1
0
1
0
1
0
1
0
1
0
1
0
1
0
1
0
1
0
1
0
1
0
1
0
1
0
1
0
1
0
1
0
1
0
1
0
1
0
1
0
1
0
1
0
1
0
1
0
1
0
1
0
1
0
1
0
1
0
1
0
1
0
1
0
1
0
1
0
1
0
1
0
1
0
1
0
1
0
1
0
1
0
1
0
1
0
1
0
1
0
1
0
1
0
1
0
1
0
1
0
1
0
1
0
1
0
1
0
1
0
1
0
1
0
1
0
1
0
1
0
1
0
1
0
1
0
1
0
1
0
1
0
1
0
1
0
1
0
0,9251407
0
0,8778409
0
0,8062149
0
0,7572339
0
0,6843744
0
0,6069117
0
0,5827982
0
0,5108049
0
0,4632657
0
0,3917034
0
0,343227
0
0,2711658
0
0,2221872
0
0,1428888
0
0,09395549
0
0,04451939
0
0
0
0
0
0
0
0
0
0
0
0
0
0
0
0
0
0
0
0
0
0
0
0
0
0
0
0
0
0
0
0
0
0
0
0
0
0
0
0
0
0
0
0
0
0
0
0
0
0
0
0
0
0
0
0
0
0
0
0
0
0
0
0
0
0
0
0
0
0
0
0
0
0
0
0
0
0
0
0
0
0
0
0
0
0
0
0
0
0
0
0
0
0
0
0
0
0
0
0
0
0
0
0
0
0
0
0
0
0
0
0
0
0
0
0
0
0
0
0
0
0
0
0
0
0
0
0
0
0
0
0
0
0
0
